

Units for the values: V, mA, kOhm, mS and uF


Values:  R1 = 1.00359089673 
R2 = 2.04298963569 
R3 = 3.02503141993 
R4 = 4.05647775356 
R5 = 3.07781188185 
R6 = 2.01277040929 
R7 = 1.01993304256 
Vs = 5.11402517827 
C = 1.03896393154 
Kb = 7.23768458527 
Kd = 8.33526265782 



