res =

   5.114025178270000e+00
   4.830791633050345e+00
   4.226624007300265e+00
   4.871651000002930e+00
   5.781843721824874e+00
  -1.849204242010950e+00
  -2.786253246787600e+00
   9.187358048766486e-04
  -2.957272103566149e-04
   0.000000000000000e+00

Vn1 =  5.114025178270000
Vn2 =  4.830791633050345
Vn3 =  4.226624007300265
Vn5 =  4.871651000002930
Vn6 =  5.781843721824874
Vn7 = -1.849204242010950
Vn8 = -2.786253246787600
IH1 =    9.187358048766486e-04
Ib =   -2.957272103566149e-04
Ic = 0
I1 =    2.822201219067600e-04
I2 =   -2.957272103566148e-04
I3 =   -1.350708844985500e-05
I4 =    1.200955926783409e-03
I5 =   -2.957272103566149e-04
Id =   -9.187358048766487e-04
I7 =    9.187358048766487e-04
IVs =    2.822201219067600e-04
Vx =  8.568096968612474
IH1_2 =   -2.783827373966206e-03
Ib_2 =   -7.459097079465241e-19
Ic_2 =   -2.783827373966206e-03
Vn1_2 = 0
Vn2_2 =   -7.143970645808579e-16
Vn3_2 =   -2.238282867076161e-15
Vn5_2 =   -6.113379026128735e-16
Vn6_2 =  8.568096968612474
Vn7_2 =    1.476237631578635e-16
Vn8_2 = -0
I1_2 =    7.118409173584352e-19
I2_2 =   -7.459097079465240e-19
I3_2 =   -3.406879058808888e-20
I4_2 =   -1.507065833348545e-19
I5_2 =   -2.783827373966207e-03
Id_2 =    7.334356788856880e-20
I7_2 =    1.447386808719644e-19
Ic_i =   -2.783827373966206e-03
V6_i =  8.568096968612474
Req =  3077.811881850001
t_c =    3.197735533307403e-03
Vn1_3 =  1
Vn2_3 =    9.446163178032163e-01
Vn3_3 =    8.264769648103436e-01
Vn4_3 = 0
Vn5_3 =    9.526059865139220e-01
Vn6_3 =    5.470468819162718e-01
Vn7_3 =    3.615946690814901e-01
Vn8_3 =    5.448258758339060e-01
ax =

  -83.88007523590696
  -88.35036017869116

hline1 = -85.68421852510227
hline2 = -94.43955991955494
ylim_v =

  -8.157801801388830e+01   4.482412689067113e+00

ylim_ph =

  -1.799912307186219e+02  -1.151183242933091e-01

ylim_v =

  -89.73581981527713   12.64021449045594

ylim_ph =

  -1.979903537904841e+02   1.788400474756888e+01

