A =

 Columns 1 through 6:

   8085.10007  -3025.03142   4056.47775      0.00000      0.00000      0.00000
      0.00000      1.00000      0.00000      0.00000      1.00000      0.00000
   4056.47775      0.00000   7089.18121      0.00000      0.00000      0.00000
      0.00000      0.00000      1.00000      0.00000      0.00000      1.00000
      0.00000      0.00000      0.00000      1.00000      0.00000      0.00000
      0.00000      0.00000      0.00000      0.00000      1.00000      0.00000
   3025.03142  -3025.03142      0.00000      0.00000      0.00000      0.00000
      0.00000      0.00000      0.00000      0.00000      0.00000  -8335.26266

 Columns 7 and 8:

      0.00000      0.00000
      0.00000      0.00000
      0.00000      1.00000
      0.00000      0.00000
      0.00000      0.00000
     -0.00724      0.00000
     -1.00000      0.00000
      0.00000      1.00000

B =

   5.11403
   0.00000
   0.00000
   0.00000
  -0.00104
   0.00000
   0.00000
   0.00000

res =

   0.00028222
   0.00029573
   0.00091874
  -0.00103896
  -0.00029573
  -0.00091874
  -0.04085937
  -7.65790425

i1 =  0.00028222
i2 =  0.00029573
i3 =  0.00091874
i4 = -0.0010390
Ib = -0.00029573
Ic = -0.00091874
Vb = -0.040859
Vc = -7.6579
