C = -1.0479
A =

   4.91529   4.05648   0.00000
  -5.51066   0.00000  -1.00000
   4.05648  -1.24608   0.00000

B =

   5.11403
   3.19774
   0.00000

res =

   0.28222
   0.91874
  -4.75296

i1 =  0.28222
i2 = -0.29573
i3 =  0.91874
Vib = -4.7530
i4 =  1.0390
V_R =

   0.283234  -0.604168  -0.040859   4.871651  -4.107928   1.849204   0.937049

I_R =

   0.282220  -0.295727  -0.013507   1.200956  -1.334691   0.918736   0.918736

Vc =  7.6579
Ib = -0.29573
